Time,X-cord,Y-cord,Mag_x,Mag_y,Mag_z,Acc_x,Acc_y,Acc_z,Gyro_x,Gyro_y,Gyro_z,Orn_x,Orn_y,Orn_z,Pressure,
2021.05.22 15:23:18,22.0,24.0,36.54,9.179999,-37.2,-1.1899546,0.7541966,9.90272,0.02194289,0.23232733,-0.17143078,-0.07547293603420258,0.11959101259708405,-1.2030482292175293,1000.6035,
2021.05.22 15:23:18,22.0,24.0,36.66,9.3,-36.54,-0.5913859,0.6656084,10.017646,0.0463775,0.1132086,-0.117063776,-0.06623110920190811,0.058965981006622314,-1.2397793531417847,1000.61597,
2021.05.22 15:23:18,22.0,24.0,37.62,9.0,-37.86,-0.65124273,0.4836435,10.000886,-0.034867577,-0.16229163,-0.034596965,-0.048220451921224594,0.06502669304609299,-1.2687989473342896,1000.61597,
2021.05.22 15:23:18,22.0,24.0,38.46,8.58,-38.82,-0.5985687,0.5770202,10.027223,0.026218947,-0.15373951,-0.024212256,-0.05738005414605141,0.059623606503009796,-1.2768977880477905,1000.635,
2021.05.22 15:23:18,22.0,24.0,39.18,8.16,-40.32,-0.8667275,0.5243462,9.569917,0.021332026,-0.063331455,-0.069416285,-0.05451368913054466,0.09032150357961655,-1.281588077545166,1000.635,
2021.05.22 15:23:18,22.0,24.0,39.42,7.74,-41.399998,-0.6464542,0.34716985,10.130177,0.051264424,-0.05661194,-0.02237966,-0.03418796509504318,0.06372828781604767,-1.3243393898010254,1000.6245,
2021.05.22 15:23:18,22.0,24.0,38.94,7.74,-41.399998,-0.45012367,0.14844504,9.885961,0.06287086,-0.093874715,-0.019325333,-0.014999077655375004,0.04550018161535263,-1.3480104207992554,1000.62744,
2021.05.22 15:23:18,22.0,24.0,39.059998,7.68,-41.52,-0.1987248,0.19393626,9.850046,0.06470346,-0.0150731,-0.018714469,-0.019682319834828377,0.020172277465462685,-1.351656436920166,1000.62744,
2021.05.22 15:23:19,22.0,24.0,38.52,7.9199996,-41.34,-0.22266756,0.26337022,9.694419,0.04393404,-0.01385137,0.01243966,-0.027153359726071358,0.0229645948857069,-1.3340271711349487,1000.6299,
2021.05.22 15:23:19,22.0,24.0,38.76,7.74,-41.64,0.13886794,0.28731298,10.015251,0.0726447,-0.014462234,0.04053946,-0.028676927089691162,-0.013864759355783463,-1.347905158996582,1000.6299,
2021.05.22 15:23:19,22.0,24.0,38.64,7.98,-41.82,-0.10055954,0.11971374,9.950606,-0.015930755,-0.077992216,-0.004664567,-0.01202960405498743,0.010105527006089687,-1.352255940437317,1000.62573,
2021.05.22 15:23:19,22.0,24.0,38.16,8.04,-41.579998,-0.06464542,0.105348095,9.565128,-0.03608931,-0.092652984,-0.040705618,-0.011013070121407509,0.006758344359695911,-1.3500428199768066,1000.6194,
2021.05.22 15:23:19,22.0,24.0,38.52,8.28,-42.059998,-0.35914123,0.12210801,9.912297,-0.17231226,0.007528914,-0.104235604,-0.012310141697525978,0.036216042935848236,-1.3367680311203003,1000.6194,
2021.05.22 15:23:19,22.0,24.0,38.399998,8.16,-41.879997,-0.31843856,0.26337022,9.90272,-0.23523138,-0.08410087,-0.1060682,-0.026575744152069092,0.03214560076594353,-1.3247082233428955,1000.6216,
2021.05.22 15:23:19,22.0,24.0,38.46,8.04,-42.0,-0.11492519,0.090982445,10.271439,-0.2016338,-0.06882924,-0.02237966,-0.00885702297091484,0.011188344098627567,-1.3527858257293701,1000.6216,
2021.05.22 15:23:19,22.0,24.0,38.579998,8.099999,-42.719997,-0.1340794,-0.10055954,11.066339,-0.21201849,-0.12808317,0.009996199,0.009086057543754578,0.012115374207496643,-1.3709924221038818,1000.6201,
2021.05.22 15:23:19,22.0,24.0,38.219997,8.7,-42.66,0.043096945,0.43336374,9.012051,0.37257951,-0.077992216,0.04970244,-0.04804958030581474,-0.00478210998699069,-1.2984739542007446,1000.6345,
2021.05.22 15:23:19,22.0,24.0,37.68,9.24,-43.379997,0.22506183,0.41181526,9.830893,0.14350508,-0.03034473,0.12606059,-0.041854485869407654,-0.022889327257871628,-1.2933601140975952,1000.6345,
2021.05.22 15:23:19,22.0,24.0,37.5,9.059999,-43.02,-0.18675344,0.27055305,10.00328,-0.02936979,-0.01385137,0.037485134,-0.02703513391315937,0.018667051568627357,-1.2986726760864258,1000.62915,
2021.05.22 15:23:19,22.0,24.0,36.719997,9.179999,-42.12,0.24182175,0.5961744,9.897932,-0.05746959,0.07533495,0.14621915,-0.06014163792133331,-0.02442668378353119,-1.2716015577316284,1000.62915,
2021.05.22 15:23:19,22.0,24.0,36.899998,8.5199995,-42.059998,-0.25379312,0.5243462,9.941029,-0.020817677,0.10709995,0.11689761,-0.05267970263957977,0.02552432008087635,-1.2786386013031006,1000.62915,
2021.05.22 15:23:19,22.0,24.0,36.78,8.639999,-41.34,-0.4285752,0.28731298,10.36721,-0.08984545,0.035017848,-0.054755516,-0.027682902291417122,0.0413159616291523,-1.2975091934204102,1000.6194,
2021.05.22 15:23:19,22.0,24.0,37.02,9.0,-40.86,-0.31365,0.37590113,9.996098,-0.046474017,0.05212208,-0.008329758,-0.037568606436252594,0.03136695176362991,-1.2830655574798584,1000.6194,
2021.05.22 15:23:19,22.0,24.0,37.8,9.24,-41.1,-0.1987248,0.22745611,9.727939,0.04271231,0.031963523,0.046037246,-0.023372603580355644,0.02042541466653347,-1.3010756969451904,1000.6155,
2021.05.22 15:23:19,22.0,24.0,37.5,9.24,-40.62,-0.32801566,0.2370332,10.008069,0.026218947,0.043569967,0.019159177,-0.02366708032786846,0.032763391733169556,-1.2950849533081055,1000.61255,
2021.05.22 15:23:20,22.0,24.0,37.98,8.58,-40.62,-0.36871833,0.19633053,9.701602,-0.023872003,0.025854873,0.02526783,-0.02021956257522106,0.03798763453960419,-1.3174189329147339,1000.61255,
2021.05.22 15:23:20,22.0,24.0,37.98,8.34,-40.98,-0.062251143,0.30646718,9.909904,-0.014709025,0.06067419,0.056421958,-0.03091488406062126,0.006281627342104912,-1.321341633796692,1000.6199,
2021.05.22 15:23:20,22.0,24.0,37.62,8.099999,-41.1,-0.25139886,0.28013015,10.199611,-0.04952834,-0.04439463,0.071082726,-0.027449553832411766,0.02464289776980877,-1.323218822479248,1000.6199,
2021.05.22 15:23:20,22.0,24.0,37.92,8.34,-41.399998,-0.4860378,0.2777359,10.015251,-0.023872003,-0.015683964,0.03931773,-0.027691617608070374,0.048491720110177994,-1.3110358715057373,1000.62354,
2021.05.22 15:23:20,22.0,24.0,37.8,8.22,-41.7,-0.409421,0.34956414,9.93624,-0.033645846,-0.042562034,0.08085657,-0.03513643145561218,0.0411815270781517,-1.3070993423461914,1000.62354,
2021.05.22 15:23:20,22.0,24.0,37.38,8.34,-41.7,0.17957062,0.4668836,9.725544,0.041490577,-0.06577492,0.13094753,-0.04796092212200165,-0.018461713567376137,-1.3071465492248535,1000.624,
2021.05.22 15:23:20,22.0,24.0,37.44,8.4,-41.399998,-0.057462595,0.24182175,10.2091875,0.04271231,-0.16290249,-0.0119949505,-0.023681877180933952,0.005628458224236965,-1.3237606287002563,1000.635,
2021.05.22 15:23:20,22.0,24.0,37.02,8.099999,-41.7,0.4070267,0.5602603,10.05356,0.121513925,-0.092652984,-0.044981673,-0.055624499917030334,-0.040463726967573166,-1.3100272417068481,1000.635,
2021.05.22 15:23:20,22.0,24.0,36.719997,8.099999,-42.12,0.028731298,0.3974496,9.945818,0.058594808,-0.03584252,-0.0034428365,-0.039940062910318375,-0.0028887735679745674,-1.3115445375442505,1000.62305,
2021.05.22 15:23:20,22.0,24.0,36.66,7.9199996,-42.54,-0.21069619,0.36632404,9.845258,0.02866241,0.021578815,-0.07491407,-0.037182509899139404,0.021397514268755913,-1.3103597164154053,1000.62305,
2021.05.22 15:23:20,22.0,24.0,36.84,7.56,-43.079998,-0.14605077,0.44294083,10.099051,0.04759923,0.008139779,-0.048035998,-0.04382697865366936,0.014460822567343712,-1.3151893615722656,1000.6299,
2021.05.22 15:23:20,22.0,24.0,36.899998,7.14,-43.44,-0.16759923,0.5147691,9.905115,0.040879715,-0.0071318517,-0.017492738,-0.05191589519381523,0.016918858513236046,-1.316036581993103,1000.6282,
2021.05.22 15:23:20,22.0,24.0,37.079998,7.14,-43.02,-0.18435916,0.4764607,10.022434,0.032938465,0.028909197,-0.030320907,-0.047495629638433456,0.018392574042081833,-1.3222969770431519,1000.6282,
2021.05.22 15:23:20,22.0,24.0,37.32,6.72,-42.84,-0.12689656,0.409421,9.991309,-0.005546046,0.057619866,-0.058420707,-0.04095149785280228,0.012700011022388935,-1.3439604043960571,1000.6362,
2021.05.22 15:23:20,22.0,24.0,37.02,7.2,-42.719997,-0.11013664,0.24421602,9.960183,0.02866241,0.05212208,-0.05047946,-0.024512821808457375,0.011057241819798946,-1.3486440181732178,1000.6362,
2021.05.22 15:23:20,22.0,24.0,37.14,7.2599998,-42.059998,-0.13647367,0.35435268,9.90272,0.0072821244,0.055176403,-0.030931773,-0.03576471656560898,0.013780560344457626,-1.3351528644561768,1000.63135,
2021.05.22 15:23:21,22.0,24.0,37.079998,7.56,-41.879997,-0.16759923,0.4860378,9.80695,0.0030060678,0.03257439,-0.0034428365,-0.04951281100511551,0.017088180407881737,-1.3112517595291138,1000.62476,
2021.05.22 15:23:21,22.0,24.0,37.26,7.8599997,-41.7,-0.22745611,0.48124924,9.974549,-0.022650272,0.0063071838,-0.007108028,-0.048197824507951736,0.022799696773290634,-1.3045328855514526,1000.62476,
2021.05.22 15:23:21,22.0,24.0,37.5,7.56,-41.64,-0.28013015,0.44294083,10.149331,-0.036700174,-0.012018774,-0.013216681,-0.04359810799360275,0.027593841776251793,-1.3173439502716064,1000.62646,
2021.05.22 15:23:21,22.0,24.0,37.32,7.74,-41.64,-0.18435916,0.42139238,10.05356,0.00911472,0.012415837,0.0057201423,-0.0418831892311573,0.018335644155740738,-1.3163769245147705,1000.62646,
2021.05.22 15:23:21,22.0,24.0,37.5,7.56,-41.7,-0.11492519,0.44772938,10.010463,0.01033645,1.9853121E-4,0.01610485,-0.044693414121866226,0.011480003595352173,-1.3212478160858154,1000.61816,
2021.05.22 15:23:21,22.0,24.0,36.96,7.68,-41.94,-0.12210801,0.40223816,9.862018,0.05004269,0.007528914,0.035652537,-0.040760885924100876,0.012381012551486492,-1.3182976245880127,1000.6206,
2021.05.22 15:23:21,22.0,24.0,36.78,7.8599997,-41.64,-0.13886794,0.43096948,9.93624,0.034771062,-0.01385137,0.036874272,-0.04334210231900215,0.013974994421005249,-1.309496521949768,1000.6206,
2021.05.22 15:23:21,22.0,24.0,36.78,8.099999,-40.98,-0.13168511,0.44294083,9.828498,0.014001642,-0.0046883905,0.017326582,-0.045032478868961334,0.013397492468357086,-1.3025327920913696,1000.6255,
2021.05.22 15:23:21,22.0,24.0,36.66,8.16,-40.739998,-0.20590763,0.50998056,10.101445,-4.8258353E-5,0.0014202617,0.010607065,-0.05043261870741844,0.020381154492497444,-1.292348861694336,1000.6255,
2021.05.22 15:23:21,22.0,24.0,36.6,8.04,-40.379997,-0.1340794,0.65363705,9.905115,-0.015930755,-0.0059101214,0.025878694,-0.06588829308748245,0.01353555265814066,-1.281923532485962,1000.63574,
2021.05.22 15:23:21,22.0,24.0,36.6,8.04,-40.079998,-0.3902668,0.45012367,10.058349,0.0011734721,0.015470162,0.036263406,-0.04468782991170883,0.038780830800533295,-1.2956883907318115,1000.62866,
2021.05.22 15:23:21,22.0,24.0,36.6,7.8599997,-40.379997,-0.38787252,0.409421,10.242707,-4.8258353E-5,-0.015683964,0.011828794,-0.03992209956049919,0.03785008192062378,-1.3055657148361206,1000.62866,
2021.05.22 15:23:21,22.0,24.0,36.48,8.04,-40.2,0.0670397,0.6081458,9.692024,0.0030060678,-0.009575313,0.05703282,-0.06266338378190994,-0.006916886195540428,-1.2919000387191772,1000.63184,
2021.05.22 15:23:21,22.0,24.0,36.48,7.8599997,-39.719997,-0.011971374,0.49800915,10.034406,0.035381928,0.027076604,0.059476282,-0.049589432775974274,0.0011930320179089904,-1.3074790239334106,1000.63184,
2021.05.22 15:23:21,22.0,24.0,36.12,7.3799996,-39.96,-0.05985687,0.5363176,10.106234,-0.004324315,-0.009575313,0.009996199,-0.05301733687520027,0.005922697950154543,-1.3120214939117432,1000.6306,
2021.05.22 15:23:21,22.0,24.0,35.94,7.08,-39.899998,-0.10774237,0.56744313,9.648928,0.03965798,0.041126505,0.014883121,-0.0587376169860363,0.01116578932851553,-1.311012625694275,1000.6206,
2021.05.22 15:23:21,22.0,24.0,35.7,6.96,-39.84,-0.2370332,0.5794145,10.228342,-0.012265563,-0.049281556,-3.885103E-4,-0.05657230317592621,0.02317000925540924,-1.3108289241790771,1000.6206,
2021.05.22 15:23:22,22.0,24.0,36.3,7.08,-40.02,-0.18196489,0.6464542,9.950606,0.0048386636,-0.019349158,0.031987347,-0.06486433744430542,0.01828477531671524,-1.304466724395752,1000.62256,
2021.05.22 15:23:22,22.0,24.0,36.66,7.3199997,-40.26,-0.16759923,0.6153286,10.091868,0.01033645,0.0014202617,0.023435233,-0.060888949781656265,0.01660582609474659,-1.305099606513977,1000.62256,
2021.05.22 15:23:22,22.0,24.0,36.84,7.2599998,-40.559998,0.026337024,0.6488485,9.814133,0.026829813,-0.002855795,0.03137648,-0.06601737439632416,-0.0026835747994482517,-1.308668851852417,1000.6262,
2021.05.22 15:23:22,22.0,24.0,37.14,7.3199997,-40.62,-0.12929083,0.57462597,9.893144,0.01705597,-0.008353583,-0.0058862977,-0.058013129979372025,0.013067987747490406,-1.3120007514953613,1000.6206,
2021.05.22 15:23:22,22.0,24.0,37.14,7.3199997,-40.98,-0.21787901,0.58420306,9.955395,0.012779912,-0.0071318517,-0.006497163,-0.05860083922743797,0.02188202738761902,-1.3078244924545288,1000.6206,
2021.05.22 15:23:22,22.0,24.0,36.899998,7.14,-40.739998,-0.11253092,0.62251145,9.96976,0.00789299,0.0063071838,-0.007108028,-0.06235504522919655,0.011286744847893715,-1.310863971710205,1000.6128,
2021.05.22 15:23:22,22.0,24.0,37.8,7.2599998,-41.04,-0.102953814,0.6296943,9.890749,-0.005546046,0.014248433,-0.018714469,-0.06357572972774506,0.010408726520836353,-1.3123928308486938,1000.6128,
2021.05.22 15:23:22,22.0,24.0,37.92,6.96,-41.34,-0.15562786,0.6656084,9.998491,-0.007989507,0.009972375,-0.0028319713,-0.06646478176116943,0.01556387823075056,-1.3154634237289429,1000.61426,
2021.05.22 15:23:22,22.0,24.0,37.86,6.42,-41.64,-0.014365649,0.7350424,9.917087,-0.0037134497,-0.019960022,0.015493986,-0.07398341596126556,0.0014485744759440422,-1.3249603509902954,1000.61694,
2021.05.22 15:23:22,22.0,24.0,39.0,6.6,-42.239998,-0.043096945,0.6249057,10.096657,0.0011734721,-0.014462234,-0.01566014,-0.06181292608380318,0.004268411081284285,-1.3379244804382324,1000.61694,
2021.05.22 15:23:22,22.0,24.0,38.399998,6.3599997,-42.719997,-0.16041641,0.5985687,9.828498,-0.018374216,-0.0071318517,-0.038262155,-0.060818132013082504,0.016320111230015755,-1.3368803262710571,1000.615,
2021.05.22 15:23:22,22.0,24.0,38.52,6.24,-42.899998,-0.021548472,0.6608198,10.08708,0.0072821244,-0.01385137,0.016715717,-0.06541787832975388,0.0021362416446208954,-1.3398411273956299,1000.61865,
2021.05.22 15:23:22,22.0,24.0,38.82,6.66,-43.079998,-0.15802214,0.65842557,9.8548355,-0.018374216,-0.032177325,-0.010773219,-0.06670473515987396,0.016033610329031944,-1.3251577615737915,1000.61865,
2021.05.22 15:23:22,22.0,24.0,38.46,6.48,-42.78,-0.17957062,0.6201172,10.032011,-4.8258353E-5,-0.0016340646,-0.017492738,-0.0617254339158535,0.017897851765155792,-1.3326572179794312,1000.6238,
2021.05.22 15:23:22,22.0,24.0,39.0,6.42,-42.78,-0.22985038,0.59378016,9.941029,-0.023261137,-0.013240504,-0.028488312,-0.059643469750881195,0.023117270320653915,-1.337952733039856,1000.6238,
2021.05.22 15:23:22,22.0,24.0,38.82,6.7799997,-43.14,-0.10774237,0.6392714,9.893144,-0.0049351803,0.0038637226,0.016715717,-0.0645240917801857,0.010890179313719273,-1.3261208534240723,1000.62305,
2021.05.22 15:23:23,22.0,24.0,38.64,6.72,-43.14,-0.12929083,0.62251145,9.943423,-0.005546046,0.0044745877,0.018548314,-0.06251847743988037,0.013001915998756886,-1.3279356956481934,1000.62305,
2021.05.22 15:23:23,22.0,24.0,38.7,6.48,-43.5,-0.14365649,0.6296943,9.90272,-0.007378641,-0.0052992557,0.0130505245,-0.06349584460258484,0.014505752362310886,-1.332101583480835,1000.6272,
2021.05.22 15:23:23,22.0,24.0,38.52,6.42,-43.2,-0.105348095,0.60335726,10.060742,-0.004324315,0.022800544,-3.885103E-4,-0.059896428138017654,0.01047082245349884,-1.3381662368774414,1000.62695,
2021.05.22 15:23:23,22.0,24.0,38.82,6.24,-43.2,-0.03351985,0.6105401,9.852441,0.012779912,0.012415837,0.0069418726,-0.061888910830020905,0.0034021742176264524,-1.3443999290466309,1000.62695,
2021.05.22 15:23:23,22.0,24.0,39.0,6.18,-43.2,-0.14844504,0.56265455,10.079897,-6.591236E-4,-0.0022449298,-0.021157928,-0.05575557425618172,0.014725776389241219,-1.3500126600265503,1000.62695,
2021.05.22 15:23:23,22.0,24.0,39.12,6.12,-43.14,-0.12929083,0.5985687,9.945818,0.012169046,0.014248433,-0.018103601,-0.06010538339614868,0.012998784892261028,-1.3481104373931885,1000.62695,
2021.05.22 15:23:23,22.0,24.0,39.0,6.24,-43.26,-0.19393626,0.57462597,9.991309,-0.0049351803,-0.0052992557,-0.011384085,-0.057438503950834274,0.019408058375120163,-1.3452035188674927,1000.6196,
2021.05.22 15:23:23,22.0,24.0,38.94,6.0,-43.739998,-0.083799616,0.6344828,10.029617,0.0060603945,-0.0010231993,0.0051092766,-0.0631745308637619,0.008355021476745605,-1.3472394943237305,1000.62085,
2021.05.22 15:23:23,22.0,24.0,38.879997,6.0,-43.86,-0.16759923,0.61293435,9.895537,0.003616933,-4.1233405E-4,-0.0058862977,-0.061852600425481796,0.016935231164097786,-1.345483422279358,1000.62085,
2021.05.22 15:23:23,22.0,24.0,38.64,6.42,-43.68,-0.17717634,0.5770202,9.962578,5.6260685E-4,0.018524488,-0.006497163,-0.05784501135349274,0.017782311886548996,-1.3380476236343384,1000.6184,
2021.05.22 15:23:23,22.0,24.0,39.0,6.72,-43.739998,-0.11013664,0.6201172,9.941029,-0.011043833,-0.0016340646,0.0038875462,-0.062295038253068924,0.0110785448923707,-1.3300141096115112,1000.6184,
2021.05.22 15:23:23,22.0,24.0,39.239998,6.6,-42.78,-0.17957062,0.6057515,9.871595,0.005449529,0.013637567,0.014272256,-0.06127612665295601,0.018188631162047386,-1.3347269296646118,1000.6184,
2021.05.22 15:23:23,22.0,24.0,39.12,6.7799997,-42.78,-0.23224466,0.58420306,10.142148,-0.025093732,-0.007742717,-0.002221106,-0.057522885501384735,0.022894959896802902,-1.3320844173431396,1000.61597,
2021.05.22 15:23:23,22.0,24.0,39.18,7.14,-42.66,-0.09337672,0.6177229,9.90272,-0.015319889,-0.010797042,0.01610485,-0.06229562684893608,0.009429121389985085,-1.3231291770935059,1000.61597,
2021.05.22 15:23:23,22.0,24.0,38.7,6.72,-43.14,-0.15562786,0.57223165,9.9889145,0.0042277984,-4.1233405E-4,0.018548314,-0.05721719563007355,0.0155787980183959,-1.3331485986709595,1000.6145,
2021.05.22 15:23:23,22.0,24.0,38.399998,7.3799996,-43.14,-0.22027329,0.55307746,9.900327,-0.017152485,1.9853121E-4,-0.007108028,-0.055792782455682755,0.02224542200565338,-1.3141982555389404,1000.6145,
2021.05.22 15:23:23,22.0,24.0,38.16,7.2,-43.079998,-0.117319465,0.6177229,9.96976,-0.0031025845,-4.1233405E-4,0.017937446,-0.06187627837061882,0.011766988784074783,-1.3142249584197998,1000.62305,
2021.05.22 15:23:24,22.0,24.0,38.04,6.8399997,-42.899998,-0.16281068,0.5554718,9.888355,-0.009822102,0.0032528574,0.0130505245,-0.056107766926288605,0.016463402658700943,-1.3273905515670776,1000.626,
2021.05.22 15:23:24,22.0,24.0,38.219997,7.14,-42.3,-0.16281068,0.57223165,9.979338,-0.011654698,0.0087506445,0.008163603,-0.057271312922239304,0.016313331201672554,-1.3207154273986816,1000.626,
2021.05.22 15:23:24,22.0,24.0,38.219997,6.6,-42.719997,-0.21069619,0.531529,10.008069,-0.014709025,-0.004077526,8.332202E-4,-0.05304846167564392,0.02104952186346054,-1.336694598197937,1000.61816,
2021.05.22 15:23:24,22.0,24.0,38.579998,6.6,-42.6,-0.12929083,0.56265455,9.921875,-0.013487294,0.0026419922,0.0032766813,-0.05664301663637161,0.013030149042606354,-1.3376357555389404,1000.61816,
2021.05.22 15:23:24,22.0,24.0,38.94,6.3599997,-43.079998,-0.13647367,0.51955765,9.957788,-0.007378641,0.008139779,0.0130505245,-0.05212385579943657,0.013704360462725163,-1.3495913743972778,1000.61206,
2021.05.22 15:23:24,22.0,24.0,39.54,6.12,-43.079998,-0.14605077,0.50758624,9.917087,-0.011043833,0.010583241,-0.0077188932,-0.05113283917307854,0.014726120978593826,-1.3595219850540161,1000.61304,
2021.05.22 15:23:24,22.0,24.0,39.6,6.54,-43.32,-0.21309046,0.5027977,10.175668,-0.018374216,-0.008353583,-0.002221106,-0.04936080798506737,0.020938117057085037,-1.349335789680481,1000.61304,
2021.05.22 15:23:24,22.0,24.0,39.54,6.0,-43.02,-0.1340794,0.54350036,9.883567,0.0017843375,8.0939644E-4,0.014883121,-0.054929934442043304,0.013565059751272202,-1.3588429689407349,1000.6179,
2021.05.22 15:23:24,22.0,24.0,39.059998,6.24,-42.719997,-0.22506183,0.47167215,9.950606,0.0023952026,0.0056963186,-3.885103E-4,-0.047353800386190414,0.022614045068621635,-1.3563003540039062,1000.6179,
2021.05.22 15:23:24,22.0,24.0,38.76,6.2999997,-43.02,-0.17238778,0.505192,10.079897,-0.0049351803,-0.0046883905,-0.006497163,-0.05006955564022064,0.017100470140576363,-1.3513892889022827,1000.61475,
2021.05.22 15:23:24,22.0,24.0,39.0,6.0,-42.66,-0.08619389,0.5770202,9.981731,0.0023952026,-0.0071318517,0.020991774,-0.05774121358990669,0.008634950034320354,-1.3549233675003052,1000.6216,
2021.05.22 15:23:24,22.0,24.0,39.059998,6.6,-42.78,-0.16281068,0.5363176,9.926663,0.017666833,0.017302757,0.020380909,-0.05396825820207596,0.01639988087117672,-1.34197998046875,1000.6216,
2021.05.22 15:23:24,22.0,24.0,39.42,6.72,-43.079998,-0.2753416,0.45491222,10.00328,-0.0031025845,-0.008353583,-0.005275432,-0.04542781412601471,0.02751818299293518,-1.3465328216552734,1000.61914,
2021.05.22 15:23:24,22.0,24.0,39.42,6.7799997,-42.899998,-0.098165266,0.50998056,9.957788,-0.0031025845,-0.0016340646,0.019770043,-0.05116704851388931,0.009857820346951485,-1.3443355560302734,1000.6111,
2021.05.22 15:23:24,22.0,24.0,39.54,7.02,-43.079998,-0.12210801,0.5650489,9.957788,-0.0024917193,0.0014202617,0.028933022,-0.0566793754696846,0.012261948548257351,-1.3324817419052124,1000.6111,
2021.05.22 15:23:24,22.0,24.0,39.18,6.8399997,-43.32,-0.12929083,0.52913475,9.953,-0.0049351803,0.002031127,0.017326582,-0.05310887098312378,0.01298940647393465,-1.3379610776901245,1000.6057,
2021.05.22 15:23:24,22.0,24.0,39.18,6.48,-43.32,-0.22745611,0.5363176,9.862018,-0.0049351803,0.0038637226,0.017326582,-0.054314207285642624,0.023059764876961708,-1.3424566984176636,1000.6057,
2021.05.22 15:23:25,22.0,24.0,39.0,6.48,-43.2,-0.15083931,0.50758624,10.187639,-0.007989507,-0.010186179,0.019159177,-0.04977712035179138,0.014805029146373272,-1.3489903211593628,1000.6067,
2021.05.22 15:23:25,22.0,24.0,38.82,6.2999997,-42.96,-0.043096945,0.5889916,9.799767,0.006671259,0.0056963186,0.03443081,-0.06002981960773468,0.004397723823785782,-1.3449457883834839,1000.6067,
2021.05.22 15:23:25,22.0,24.0,39.12,6.18,-43.079998,-0.12689656,0.52913475,10.063137,0.012169046,0.007528914,0.02526783,-0.05252894014120102,0.012609371915459633,-1.3549165725708008,1000.6089,
2021.05.22 15:23:25,22.0,24.0,38.94,6.18,-42.899998,-0.15083931,0.531529,9.917087,0.0030060678,0.005085453,2.2235495E-4,-0.05353987589478493,0.015208871103823185,-1.3523517847061157,1000.6123,
2021.05.22 15:23:25,22.0,24.0,38.879997,6.12,-43.079998,-0.16520496,0.5243462,10.015251,0.0017843375,0.0026419922,0.008163603,-0.05229991674423218,0.016493842005729675,-1.3542264699935913,1000.6123,
2021.05.22 15:23:25,22.0,24.0,38.7,6.3599997,-43.2,-0.009577099,0.5411061,9.912297,0.0042277984,0.005085453,0.02282437,-0.054535217583179474,9.661833173595369E-4,-1.3492546081542969,1000.61743,
2021.05.22 15:23:25,22.0,24.0,38.46,6.2999997,-42.54,-0.20111908,0.5506832,10.221159,-0.001269989,-0.013240504,0.014883121,-0.053814347833395004,0.01967420056462288,-1.3455439805984497,1000.61743,
2021.05.22 15:23:25,22.0,24.0,37.92,6.7799997,-41.879997,-0.38787252,0.6057515,10.561146,0.051264424,-0.03034473,-0.021157928,-0.05725532025098801,0.03670986741781235,-1.3218321800231934,1000.6101,
2021.05.22 15:23:25,22.0,24.0,36.96,6.6,-41.399998,0.2561874,0.9385557,9.581888,0.36524916,-0.21360432,0.07291532,-0.09760488569736481,-0.026730263605713844,-1.3014371395111084,1000.60913,
2021.05.22 15:23:25,22.0,24.0,36.18,6.0,-40.68,0.44772938,1.0223553,9.177256,0.2907236,-0.062109724,0.14805174,-0.11081282794475555,-0.0487481951713562,-1.3078347444534302,1000.60913,
2021.05.22 15:23:25,22.0,24.0,35.399998,5.8199997,-40.68,0.19633053,0.818842,9.677659,0.14778113,-0.024236077,0.069860995,-0.08439324796199799,-0.020284201949834824,-1.3228925466537476,1000.61475,
2021.05.22 15:23:25,22.0,24.0,34.98,5.1,-40.98,0.19393626,0.76137936,10.041589,-0.1875839,0.024633141,-0.10179214,-0.0756637454032898,-0.019310904666781425,-1.347235918045044,1000.61475,
2021.05.22 15:23:25,22.0,24.0,35.16,5.2799997,-40.98,0.043096945,0.75659084,10.012857,-0.21629456,0.036850445,-0.076746665,-0.0754179134964943,-0.0043041338212788105,-1.338984727859497,1000.61865,
2021.05.22 15:23:25,22.0,24.0,35.04,5.46,-40.92,-0.18196489,0.73743665,10.166091,-0.07396295,0.034406986,-0.076746665,-0.07240047305822372,0.017897289246320724,-1.3292473554611206,1000.6162,
2021.05.22 15:23:25,22.0,24.0,35.399998,5.8799996,-40.86,-0.18196489,0.70631105,10.07032,-0.039143633,0.02096795,-0.08346619,-0.07001183182001114,0.018067458644509315,-1.322989583015442,1000.6162,
2021.05.22 15:23:25,22.0,24.0,35.52,6.48,-40.44,-0.22506183,0.65842557,10.046377,-0.01776335,0.035017848,-0.041927345,-0.06542864441871643,0.022398540750145912,-1.311990737915039,1000.61646,
2021.05.22 15:23:25,22.0,24.0,35.16,6.66,-40.379997,0.031125572,0.67279124,9.783007,0.012779912,0.028909197,-0.01566014,-0.06866296380758286,-0.0031815848778933287,-1.3102775812149048,1000.61646,
2021.05.22 15:23:26,22.0,24.0,35.64,7.3799996,-40.079998,-0.29210153,0.56744313,10.039194,-0.013487294,0.022800544,-0.019325333,-0.0564388670027256,0.029087908565998077,-1.2967641353607178,1000.6072,
2021.05.22 15:23:26,22.0,24.0,35.34,7.3199997,-39.84,-0.27294734,0.5865973,9.907509,-0.048917476,0.025854873,-0.02237966,-0.059115927666425705,0.02754257619380951,-1.2941778898239136,1000.595,
2021.05.22 15:23:26,22.0,24.0,35.219997,7.2599998,-39.96,-0.07422252,0.5985687,9.900327,-0.040365364,0.05212208,0.0014440855,-0.06038428470492363,0.007496836129575968,-1.300533413887024,1000.595,
2021.05.22 15:23:26,22.0,24.0,35.579998,7.44,-39.84,-0.9577099,0.8786988,9.06233,-0.02936979,0.06678285,-0.0034428365,-0.09612753987312317,0.1052895039319992,-1.215720534324646,1000.5989,
2021.05.22 15:23:26,22.0,24.0,34.98,7.14,-39.84,0.19633053,0.6608198,10.721562,-0.018985081,-0.054779343,-0.045592535,-0.06154649332165718,-0.0183096993714571,-1.3097704648971558,1000.5989,
2021.05.22 15:23:26,22.0,24.0,35.219997,7.7999997,-39.66,-0.45491222,0.39505535,10.075109,-0.08556939,0.15596916,-0.055977248,-0.03915110230445862,0.0451214462518692,-1.2962251901626587,1000.5989,
